Test_time: 192.72566318511963
Train_time: 15591.029251098633
