Test_time: 31.827504873275757
Train_time: 1257.7670693397522
